$ 1 0.000005 15.472767971186109 50 5 43 5e-11
R -32 144 -96 144 0 1 40 0.5 3.3 0 0.5
a 176 160 336 160 9 15 -15 1000000 0.10182712778214849 0.10183832876620452 100000
r 176 256 336 256 0 100000
r 64 144 64 256 0 100000
g 64 256 64 304 0 0
162 640 160 768 160 2 default-led 1 0 0 0.01
r 336 304 416 304 0 10000
g 512 224 512 272 0 0
w 64 144 176 144 0
w 176 176 176 256 0
w 336 256 336 160 0
c -32 144 64 144 4 4.7000000000000004e-8 3.6113474584516596 0.001 0
g 640 240 640 288 0 0
r 640 160 640 240 0 10000
w 336 160 512 160 0
r 576 288 576 352 0 100000
r 768 160 768 224 0 1000
g 768 224 768 272 0 0
r 96 256 176 256 0 10000
g 96 256 96 304 0 0
w 512 160 640 160 0
162 768 112 640 112 2 default-led 1 0 0 0.01
w 640 160 640 112 0
w 768 160 768 112 0
w 640 112 640 64 0
w 640 64 768 64 0
w 768 64 768 112 0
o 8 64 0 4098 1.25 0.00009765625 0 2 8 3
o 5 64 0 4098 0.0000762939453125 0.00009765625 1 2 5 3
o 15 64 0 4098 0.0000762939453125 0.00078125 2 2 15 3
o 14 64 0 4098 20 0.000390625 3 2 14 3
o 16 64 0 4099 20 0.0125 4 2 16 3
